scraper.eurostat.all_trade_monthly_query
scraper.aimis_simia.hog_slaughters
scraper.alic.hog_slaughtering
scraper.alic.import_by_origin
scraper.alic.import_price
scraper.alic.import_quantity
scraper.alic.pork_retail_price
scraper.alic.pork_supply_demand
scraper.alic.wholesale_carcass_price
scraper.bpex.consumption
scraper.clal.clal_ireland_cheese_production
scraper.clal.clal_milk_price
scraper.clal.clal_milk_production
scraper.clal.clal_price_dairy_products
scraper.dairyaustralia.dairyaustralia_all
scraper.dairyco.milk_production
scraper.dairyco.uk_dairy_prices
scraper.dairyco.world_dairy_prices
scraper.ec_europa.ec_europa_dairy_prices
scraper.eurostat.cows_milk_monthly
scraper.eurostat.milk_dairy_annual
scraper.eurostat.milk_prod_util_annual
scraper.eurostat.pig_slaughtering
scraper.eurostat.population_annual
scraper.global_dairy_trade.global_dairy_trade_price
scraper.morrisons.morrisons_scraper
scraper.oecd.economic_stats
scraper.oecd.normalised_gdp
scraper.oecd.past_forecasts
scraper.oecd.population
scraper.oecd.population_vital_stats
scraper.quandl.grain_price
scraper.quandl.veg_oils_price
scraper.statcan.statcan_all_meat_trade
scraper.statcan.statcan_dairy_trade
scraper.statcan.statcan_hog_stocks
scraper.statsnz.dairy_trade
scraper.supervalu.supervalu
scraper.tesco.tesco_all
scraper.usda.all_animal_products
scraper.usda.dairy_quickstats
scraper.usda.dairy_quickstats_cold_storage
scraper.usda.pig_crops
scraper.usda.pork_production_stocks
scraper.usda.psd_dairy
scraper.usda.psd_livestock
scraper.usda.trade_flow_dairy
scraper.usda.trade_flow_pig
scraper.walmart.walmart
scraper.worldbank.protein_index
scraper.eurostat.all_trade_monthly_download
db.loader.aimis_simia.hog_slaughters
db.loader.alic.hog_slaughtering
db.loader.alic.import_by_origin
db.loader.alic.import_price
db.loader.alic.import_quantity
db.loader.alic.pork_retail_price
db.loader.alic.pork_supply_demand
db.loader.alic.wholesale_carcass_price
db.loader.bpex.consumption
db.loader.clal.clal_cheese_production
db.loader.clal.clal_price
db.loader.clal.clal_production
db.loader.dairyaustralia.dairyaustralia_all
db.loader.dairyco.milk_production
db.loader.dairyco.uk_price
db.loader.dairyco.world_price
db.loader.ec_europa.ec_europa_all
db.loader.eurostat.alt_dairy_trade_monthly
db.loader.eurostat.alt_meat_trade_monthly
db.loader.eurostat.cows_milk_monthly
db.loader.eurostat.milk_dairy_annual
db.loader.eurostat.milk_prod_util_annual
db.loader.eurostat.pig_slaughtering
db.loader.eurostat.population_annual
db.loader.global_dairy_trade.global_dairy_trade_price
db.loader.morrisons.morrisons
db.loader.oecd.economic_stats
db.loader.oecd.normalised_gdp
db.loader.oecd.past_forecasts
db.loader.oecd.population
db.loader.oecd.population_vital_stats
db.loader.quandl.grain_price
db.loader.quandl.veg_oils_price
db.loader.statcan.statcan_all_meat_trade
db.loader.statcan.statcan_dairy_trade
db.loader.statcan.statcan_hog_stocks
db.loader.statsnz.statsnz_dairy_trade
db.loader.supervalu.supervalu
db.loader.tesco.tesco
db.loader.usda.all_animal_products
db.loader.usda.dairy_quickstats
db.loader.usda.dairy_cold_storage
db.loader.usda.pig_crops
db.loader.usda.pork_production_stocks
db.loader.usda.psd_dairy
db.loader.usda.psd_livestock
db.loader.usda.trade_flow_pig
db.loader.walmart.walmart
db.loader.worldbank.protein_index